# Particle
position: [0, 0]
velocity: [8, 8]
velocityVariation: [-0.200000003, 4.8499999]
birthColor: [0.333333313, 0.0588235222, 0.0588235222, 1]
deathColor: [1, 1, 0, 0]
birthSize: 0.5
birthSizeVariation: 0.200000003
deathSize: 0.100000001
deathSizeVariation: 0.100000001
rotationSpeed: 360
rotationVariation: 360
rotationSpeedVariation: 100
lifeSpan: 1
lifeSpanVariation: 1