# Particle
position: [-1, 0]
velocity: [0.0500000007, 4]
velocityVariation: [1.60000002, 2]
birthColor: [0.223529413, 0.737254918, 0.866666675, 0.858823538]
deathColor: [0.647879601, 0.159457907, 0.774509788, 0]
birthSize: 2.460000008
birthSizeVariation: 0.100000001
deathSize: 0.239999995
deathSizeVariation: 0.0399999991
rotationSpeed: 360
rotationVariation: 360
rotationSpeedVariation: 100
lifeSpan: 1
lifeSpanVariation: 1